621
4
466
385
0 192 0 3 0/0
0 369 0 3 0/0
0 364 0 2 0/0
0 16 0 3 0/0
0 365 0 2 0/0
0 17 0 2 0/0
0 18 0 2 0/0
0 19 0 2 0/0
0 1 0 1 0/0
1 165 0 5 0/0
1 20 0 1 0/0
1 169 0 4 0/0
2 194 0 3 0/1
2 364 0 2 0/0
2 185 0 4 0/0
2 186 0 3 0/0
2 0 0 3 0/1
2 189 0 2 0/0
2 191 0 2 0/0
2 188 0 2 0/0
2 190 0 2 0/0
3 16 0 3 0/0
3 18 0 2 0/0
3 1 0 1 0/0
3 365 0 2 0/0
3 21 0 4 0/0
3 192 0 3 0/0
4 5 0 1 0/0
4 365 0 2 0/0
6 192 0 3 0/0
6 365 0 2 0/0
10 162 0 5 0/0
10 168 0 5 0/0
11 165 0 5 0/0
12 165 0 5 0/0
12 22 0 3 0/0
12 23 0 2 0/0
13 165 0 5 0/0
13 22 0 3 0/0
13 24 0 2 0/0
14 165 0 5 0/0
14 22 0 3 0/0
14 25 0 2 0/0
15 165 0 5 0/0
17 16 0 3 0/0
17 194 0 3 0/1
17 364 0 2 0/0
17 186 0 3 0/0
17 191 0 2 0/0
19 617 0 3 0/0
20 365 0 2 0/0
22 27 0 1 0/1
27 5 0 1 0/1
28 431 0 2 0/1
28 37 0 4 0/0
28 434 0 2 0/0
28 626 0 2 0/0
28 364 0 2 0/0
28 433 0 2 0/0
29 175 0 3 0/0
29 166 0 6 0/0
29 38 0 3 0/0
29 167 0 4 0/0
29 169 0 4 0/0
29 39 0 2 0/0
29 168 0 5 0/0
30 175 0 3 0/0
30 165 0 5 0/0
30 167 0 4 0/0
30 168 0 5 0/0
31 175 0 3 0/0
31 166 0 6 0/0
31 169 0 4 0/0
31 39 0 2 0/0
32 175 0 3 0/0
32 603 0 4 0/0
33 175 0 3 0/0
33 603 0 4 0/0
34 607 0 3 0/0
34 164 0 3 0/0
34 606 0 3 0/0
34 40 0 1 0/0
35 165 0 5 0/0
35 175 0 3 0/0
35 41 0 2 0/0
35 168 0 5 0/0
37 174 0 3 0/1
37 605 0 5 0/0
37 165 0 5 0/1
37 365 0 2 0/0
37 127 0 5 0/0
37 236 0 7 0/1
37 499 0 5 0/1
37 505 0 2 0/0
37 42 0 4 0/0
37 473 0 3 0/0
39 171 0 5 0/0
40 172 0 4 0/0
40 173 0 2 0/0
40 164 0 3 0/0
42 364 0 2 0/0
42 360 0 2 0/0
42 598 0 3 0/0
42 35 0 2 0/1
42 44 0 2 0/0
42 599 0 2 0/0
42 365 0 2 0/0
42 45 0 4 0/0
42 46 0 3 0/0
42 47 0 6 0/0
42 48 0 6 0/0
42 49 0 6 0/0
42 50 0 5 0/0
42 36 0 3 0/0
43 169 0 4 0/1
44 175 0 3 0/1
44 604 0 4 0/1
44 364 0 2 0/0
44 603 0 4 0/0
46 36 0 3 0/0
48 51 0 6 0/0
49 610 0 1 0/0
49 48 0 6 0/0
50 508 0 4 0/0
52 176 0 3 0/1
53 58 0 4 0/0
53 59 0 3 0/0
53 364 0 2 0/0
53 571 0 4 0/0
53 60 0 3 0/0
53 365 0 2 0/0
53 61 0 5 0/0
53 62 0 5 0/0
53 63 0 3 0/0
54 64 0 2 0/0
54 65 0 7 0/0
54 66 0 6 0/0
54 67 0 3 0/0
55 364 0 2 0/0
55 69 0 3 0/0
55 571 0 4 0/0
55 70 0 5 0/0
55 62 0 5 0/0
55 63 0 3 0/0
56 365 0 2 0/0
56 364 0 2 0/0
56 577 0 2 0/0
56 172 0 4 0/0
56 173 0 2 0/0
56 71 0 3 0/0
57 172 0 4 0/0
57 173 0 2 0/0
57 63 0 3 0/0
57 164 0 3 0/0
58 69 0 3 0/0
58 249 0 6 0/0
58 571 0 4 0/0
58 251 0 2 0/1
58 364 0 2 0/0
58 63 0 3 0/0
59 365 0 2 0/0
59 594 0 3 0/0
60 72 0 3 0/0
61 174 0 3 0/1
61 73 0 10 0/1
61 166 0 6 0/0
61 364 0 2 0/0
61 169 0 4 0/1
61 168 0 5 0/0
61 63 0 3 0/0
61 365 0 2 0/0
62 166 0 6 0/0
62 73 0 10 0/1
62 63 0 3 0/0
62 365 0 2 0/0
62 168 0 5 0/0
62 577 0 2 0/0
65 174 0 3 0/1
65 74 0 2 0/0
65 64 0 2 0/0
65 165 0 5 0/1
66 71 0 3 0/0
66 72 0 3 0/0
73 165 0 5 0/1
76 77 0 7 0/1
76 507 0 4 0/0
76 155 0 5 0/0
76 612 0 2 0/0
76 364 0 2 0/0
76 78 0 3 0/0
76 596 0 2 0/0
76 79 0 4 0/1
76 80 0 8 0/1
76 1 0 1 0/0
77 507 0 4 0/0
77 588 0 4 0/0
77 365 0 2 0/0
77 80 0 8 0/0
77 154 0 4 0/0
77 364 0 2 0/0
79 77 0 7 0/1
79 590 0 2 0/0
79 364 0 2 0/0
79 81 0 8 0/0
79 82 0 2 0/0
79 83 0 3 0/0
79 78 0 3 0/0
79 84 0 6 0/0
79 80 0 8 0/1
80 507 0 4 0/0
80 582 0 2 0/0
80 364 0 2 0/0
80 581 0 2 0/0
80 475 0 1 0/0
80 539 0 3 0/0
80 6 0 2 0/1
80 577 0 2 0/0
80 500 0 3 0/0
80 85 0 8 0/1
80 360 0 2 0/0
80 474 0 1 0/0
80 469 0 2 0/0
80 35 0 2 0/1
80 1 0 1 0/0
80 612 0 2 0/0
80 543 0 9 0/0
80 479 0 2 0/0
80 365 0 2 0/0
84 365 0 2 0/0
84 504 0 3 0/0
84 507 0 4 0/0
84 364 0 2 0/0
84 612 0 2 0/0
84 360 0 2 0/0
84 80 0 8 0/1
84 478 0 4 0/0
84 582 0 2 0/0
84 580 0 2 0/0
84 86 0 6 0/0
85 401 0 6 0/0
85 647 0 1 0/0
85 497 0 1 0/0
85 364 0 2 0/0
85 365 0 2 0/0
85 2 0 2 0/0
85 8 0 1 0/0
85 87 0 3 0/0
85 88 0 2 0/0
85 360 0 2 0/0
85 575 0 3 0/0
85 131 0 3 0/0
85 1 0 1 0/0
85 136 0 1 0/0
85 137 0 1 0/0
85 146 0 3 0/0
85 147 0 3 0/0
85 149 0 2 0/0
85 141 0 1 0/0
85 142 0 2 0/0
85 148 0 3 0/0
85 612 0 2 0/0
85 89 0 3 0/0
85 192 0 3 0/1
85 0 0 3 0/1
85 90 0 2 0/0
85 143 0 1 0/0
85 77 0 7 0/1
85 144 0 2 0/0
85 145 0 3 0/0
85 4 0 1 0/0
85 506 0 2 0/0
85 476 0 2 0/0
85 582 0 2 0/0
85 586 0 4 0/0
85 91 0 1 0/0
85 648 0 3 0/1
85 649 0 2 0/0
85 466 0 9 0/1
85 577 0 2 0/0
85 469 0 2 0/0
85 15 0 2 0/1
85 129 0 3 0/1
85 92 0 2 0/0
86 365 0 2 0/0
86 593 0 2 0/0
86 364 0 2 0/0
86 503 0 3 0/0
86 79 0 4 0/1
87 360 0 2 0/0
87 135 0 1 0/0
87 648 0 3 0/1
87 1 0 1 0/0
87 649 0 2 0/0
88 130 0 1 0/1
88 360 0 2 0/0
88 1 0 1 0/0
89 6 0 2 0/1
89 360 0 2 0/0
89 138 0 3 0/0
89 140 0 3 0/0
89 139 0 3 0/0
90 6 0 2 0/1
90 360 0 2 0/0
90 132 0 2 0/0
90 134 0 2 0/0
90 133 0 2 0/0
91 612 0 2 0/0
91 364 0 2 0/0
91 609 0 2 0/0
91 360 0 2 0/0
93 118 0 1 0/0
93 94 0 5 0/0
93 119 0 1 0/0
93 120 0 1 0/0
93 121 0 1 0/0
93 122 0 1 0/0
93 123 0 2 0/0
94 97 0 2 0/0
94 123 0 2 0/0
94 124 0 5 0/0
95 118 0 1 0/0
95 94 0 5 0/0
95 124 0 5 0/0
95 119 0 1 0/0
96 118 0 1 0/0
96 119 0 1 0/0
98 99 0 2 0/0
100 119 0 1 0/0
101 118 0 1 0/0
101 119 0 1 0/0
102 98 0 3 0/0
102 119 0 1 0/0
103 97 0 2 0/0
103 123 0 2 0/0
103 96 0 3 0/0
104 105 0 4 0/0
105 97 0 2 0/0
105 123 0 2 0/0
105 103 0 4 0/0
116 98 0 3 0/0
116 102 0 1 0/0
116 99 0 2 0/0
116 125 0 1 0/0
118 97 0 2 0/0
118 123 0 2 0/0
118 117 0 3 0/0
122 123 0 2 0/0
122 117 0 3 0/0
122 95 0 3 0/0
124 100 0 3 0/0
126 93 0 1 0/0
126 128 0 5 0/0
126 235 0 6 0/0
126 365 0 2 0/0
127 598 0 3 0/0
127 364 0 2 0/0
127 612 0 2 0/0
127 365 0 2 0/0
127 126 0 3 0/0
127 599 0 2 0/0
129 467 0 2 0/1
129 364 0 2 0/0
129 365 0 2 0/0
130 129 0 3 0/1
131 150 0 4 0/0
131 14 0 2 0/1
131 129 0 3 0/1
131 644 0 4 0/0
132 6 0 2 0/1
132 3 0 3 0/0
132 151 0 3 0/0
132 150 0 4 0/0
132 14 0 2 0/1
132 1 0 1 0/0
132 129 0 3 0/1
133 6 0 2 0/1
133 3 0 3 0/0
133 152 0 3 0/0
133 150 0 4 0/0
133 14 0 2 0/1
133 1 0 1 0/0
133 129 0 3 0/1
134 6 0 2 0/1
134 3 0 3 0/0
134 153 0 3 0/0
134 150 0 4 0/0
134 14 0 2 0/1
134 1 0 1 0/0
134 129 0 3 0/1
135 150 0 4 0/0
135 14 0 2 0/1
135 129 0 3 0/1
136 150 0 4 0/0
136 14 0 2 0/1
136 129 0 3 0/1
137 150 0 4 0/0
137 14 0 2 0/1
137 129 0 3 0/1
138 150 0 4 0/0
138 14 0 2 0/1
138 129 0 3 0/1
139 150 0 4 0/0
139 14 0 2 0/1
139 129 0 3 0/1
139 192 0 3 0/1
139 365 0 2 0/0
140 150 0 4 0/0
140 14 0 2 0/1
140 129 0 3 0/1
140 365 0 2 0/0
141 150 0 4 0/0
141 14 0 2 0/1
141 129 0 3 0/1
142 150 0 4 0/0
142 14 0 2 0/1
142 129 0 3 0/1
143 612 0 2 0/0
143 150 0 4 0/0
143 14 0 2 0/1
143 129 0 3 0/1
144 150 0 4 0/0
144 14 0 2 0/1
144 129 0 3 0/1
145 365 0 2 0/0
145 150 0 4 0/0
145 14 0 2 0/1
145 129 0 3 0/1
146 150 0 4 0/0
146 14 0 2 0/1
146 129 0 3 0/1
147 150 0 4 0/0
147 14 0 2 0/1
147 129 0 3 0/1
148 150 0 4 0/0
148 14 0 2 0/1
148 129 0 3 0/1
150 365 0 2 0/0
150 575 0 3 0/0
150 364 0 2 0/0
150 360 0 2 0/0
153 192 0 3 0/1
154 156 0 4 0/0
154 364 0 2 0/0
154 157 0 4 0/0
154 158 0 4 0/0
155 364 0 2 0/0
155 491 0 3 0/0
155 575 0 3 0/0
155 36 0 3 0/0
155 492 0 3 0/0
155 612 0 2 0/0
156 364 0 2 0/0
156 159 0 2 0/0
156 365 0 2 0/0
156 160 0 2 0/0
156 612 0 2 0/0
157 364 0 2 0/0
157 159 0 2 0/0
157 365 0 2 0/0
157 612 0 2 0/0
158 364 0 2 0/0
158 159 0 2 0/0
158 365 0 2 0/0
158 161 0 2 0/0
162 178 0 2 0/0
165 179 0 5 0/0
166 179 0 5 0/0
167 179 0 5 0/0
168 179 0 5 0/0
168 180 0 3 0/0
169 179 0 5 0/0
175 162 0 5 0/0
176 162 0 5 0/1
180 178 0 2 0/0
188 364 0 2 0/0
191 365 0 2 0/0
191 199 0 2 0/0
193 200 0 3 0/0
194 200 0 3 0/0
194 193 0 3 0/0
194 201 0 3 0/0
194 202 0 2 0/0
194 364 0 2 0/0
194 203 0 8 0/0
194 204 0 4 0/0
194 625 0 3 0/0
194 192 0 3 0/0
194 360 0 2 0/0
194 207 0 3 0/0
195 196 0 4 0/0
197 172 0 4 0/0
197 173 0 2 0/0
197 199 0 2 0/0
197 164 0 3 0/0
198 200 0 3 0/0
198 193 0 3 0/0
201 165 0 5 0/1
201 365 0 2 0/0
202 165 0 5 0/1
202 191 0 2 0/0
202 169 0 4 0/1
203 617 0 3 0/0
207 176 0 3 0/1
207 570 0 3 0/0
207 168 0 5 0/0
207 365 0 2 0/0
207 192 0 3 0/1
209 215 0 7 0/0
209 216 0 4 0/0
210 198 0 2 0/0
210 215 0 7 0/0
210 216 0 4 0/0
210 217 0 4 0/0
211 162 0 5 0/1
211 582 0 2 0/0
211 220 0 2 0/0
211 221 0 5 0/0
211 212 0 3 0/0
211 364 0 2 0/0
212 172 0 4 0/0
212 173 0 2 0/0
212 164 0 3 0/0
213 174 0 3 0/0
213 221 0 5 0/0
213 222 0 5 0/0
215 570 0 3 0/0
215 165 0 5 0/1
216 169 0 4 0/1
217 223 0 4 0/1
222 172 0 4 0/0
222 173 0 2 0/0
222 364 0 2 0/0
223 570 0 3 0/0
223 198 0 2 0/1
223 167 0 4 0/1
223 168 0 5 0/0
224 215 0 7 0/0
224 225 0 4 0/1
225 223 0 4 0/1
226 227 0 4 0/0
226 228 0 4 0/0
226 229 0 9 0/0
226 230 0 5 0/0
226 231 0 4 0/0
226 232 0 7 0/0
226 233 0 9 0/0
230 165 0 5 0/1
231 234 0 4 0/0
235 494 0 2 0/0
235 365 0 2 0/0
235 364 0 2 0/0
235 499 0 5 0/1
235 508 0 4 0/0
236 598 0 3 0/0
236 364 0 2 0/0
236 612 0 2 0/0
236 365 0 2 0/0
236 239 0 1 0/0
236 226 0 8 0/0
236 599 0 2 0/0
237 598 0 3 0/0
237 364 0 2 0/0
237 612 0 2 0/0
237 365 0 2 0/0
237 571 0 4 0/0
237 508 0 4 0/0
237 498 0 3 0/0
237 499 0 5 0/0
237 501 0 3 0/0
237 641 0 1 0/0
237 599 0 2 0/0
238 164 0 3 0/0
239 176 0 3 0/1
239 168 0 5 0/0
239 169 0 4 0/1
239 165 0 5 0/1
239 164 0 3 0/0
240 165 0 5 0/1
240 247 0 4 0/0
240 126 0 3 0/0
241 235 0 6 0/1
242 248 0 5 0/0
242 235 0 6 0/1
242 508 0 4 0/0
243 248 0 5 0/0
243 235 0 6 0/1
244 241 0 4 0/0
244 248 0 5 0/0
244 571 0 4 0/0
244 235 0 6 0/1
245 248 0 5 0/0
245 235 0 6 0/1
246 248 0 5 0/0
246 235 0 6 0/1
247 248 0 5 0/0
247 126 0 3 0/0
249 254 0 2 0/0
249 255 0 2 0/0
250 256 0 1 0/0
250 596 0 2 0/0
250 360 0 2 0/0
250 507 0 4 0/0
250 582 0 2 0/0
250 257 0 3 0/0
250 258 0 2 0/0
250 475 0 1 0/0
250 577 0 2 0/0
250 364 0 2 0/0
250 500 0 3 0/0
250 259 0 6 0/0
250 474 0 1 0/0
250 487 0 2 0/0
250 251 0 2 0/1
250 612 0 2 0/0
250 478 0 4 0/0
250 580 0 2 0/0
250 469 0 2 0/0
250 35 0 2 0/1
250 260 0 2 0/0
251 261 0 2 0/0
252 56 0 4 0/0
253 57 0 3 0/0
256 52 0 3 0/0
256 55 0 4 0/0
257 364 0 2 0/0
257 597 0 2 0/0
259 647 0 1 0/0
259 497 0 1 0/0
259 364 0 2 0/0
259 263 0 13 0/0
259 54 0 6 0/0
259 264 0 4 0/0
259 265 0 3 0/0
259 266 0 6 0/0
259 267 0 12 0/0
259 539 0 3 0/0
259 268 0 1 0/0
259 1 0 1 0/0
259 6 0 2 0/1
259 269 0 4 0/0
259 365 0 2 0/0
259 14 0 2 0/1
259 270 0 4 0/0
259 536 0 3 0/0
259 537 0 2 0/0
259 541 0 7 0/0
259 271 0 2 0/0
259 360 0 2 0/0
259 15 0 2 0/1
259 272 0 4 0/0
259 273 0 5 0/0
259 577 0 2 0/0
259 274 0 4 0/0
259 275 0 4 0/0
259 276 0 5 0/0
259 277 0 8 0/0
259 53 0 6 0/0
259 278 0 2 0/0
259 279 0 5 0/0
259 280 0 10 0/0
259 262 0 1 0/1
259 281 0 11 0/0
259 282 0 6 0/0
259 283 0 4 0/0
259 210 0 4 0/0
259 284 0 5 0/0
259 369 0 3 0/0
259 285 0 3 0/0
259 286 0 4 0/0
259 251 0 2 0/1
259 612 0 2 0/0
259 609 0 2 0/0
259 287 0 5 0/0
259 288 0 3 0/0
262 467 0 2 0/1
262 612 0 2 0/0
262 365 0 2 0/0
262 12 0 2 0/1
262 15 0 2 0/1
263 502 0 3 0/0
263 289 0 4 0/0
263 264 0 4 0/0
263 290 0 2 0/0
263 360 0 2 0/0
263 612 0 2 0/0
263 573 0 3 0/0
263 401 0 6 0/0
263 291 0 5 0/0
263 496 0 1 0/1
263 584 0 2 0/0
263 364 0 2 0/0
263 288 0 3 0/0
264 292 0 2 0/0
265 264 0 4 0/0
266 293 0 4 0/0
266 264 0 4 0/0
267 294 0 3 0/0
267 7 0 1 0/0
267 364 0 2 0/0
267 365 0 2 0/0
267 295 0 3 0/0
267 2 0 2 0/0
267 8 0 1 0/0
267 573 0 3 0/0
267 289 0 4 0/0
267 264 0 4 0/0
267 269 0 4 0/0
267 288 0 3 0/0
267 268 0 1 0/0
267 1 0 1 0/0
267 271 0 2 0/0
267 15 0 2 0/1
267 272 0 4 0/0
267 273 0 5 0/0
267 577 0 2 0/0
267 274 0 4 0/0
267 648 0 3 0/1
267 649 0 2 0/0
268 365 0 2 0/0
268 1 0 1 0/0
269 365 0 2 0/0
269 14 0 2 0/1
269 15 0 2 0/1
269 364 0 2 0/0
270 365 0 2 0/0
270 14 0 2 0/1
271 468 0 3 0/1
273 571 0 4 0/0
275 297 0 4 0/0
276 298 0 8 0/0
278 268 0 1 0/0
278 365 0 2 0/0
279 298 0 8 0/0
279 571 0 4 0/0
280 539 0 3 0/0
280 466 0 9 0/1
280 542 0 9 0/0
280 15 0 2 0/1
281 277 0 8 0/0
281 365 0 2 0/0
281 299 0 3 0/0
281 249 0 6 0/0
281 360 0 2 0/0
281 502 0 3 0/0
281 364 0 2 0/0
281 300 0 3 0/0
281 301 0 9 0/0
281 264 0 4 0/0
281 302 0 2 0/0
282 276 0 5 0/0
282 303 0 4 0/0
282 507 0 4 0/0
282 365 0 2 0/0
282 582 0 2 0/0
282 585 0 3 0/0
282 258 0 2 0/0
283 249 0 6 0/0
283 571 0 4 0/0
283 365 0 2 0/0
283 364 0 2 0/0
286 582 0 2 0/0
287 506 0 2 0/0
287 476 0 2 0/0
287 582 0 2 0/0
287 364 0 2 0/0
287 586 0 4 0/0
288 292 0 2 0/0
290 364 0 2 0/0
291 365 0 2 0/0
291 167 0 4 0/1
291 293 0 4 0/0
291 264 0 4 0/0
293 619 0 3 0/0
293 575 0 3 0/0
294 6 0 2 0/1
294 268 0 1 0/0
294 194 0 3 0/1
294 187 0 3 0/0
294 191 0 2 0/0
294 9 0 1 0/0
295 292 0 2 0/0
297 364 0 2 0/0
298 277 0 8 0/0
301 293 0 4 0/0
301 304 0 8 0/0
301 661 0 3 0/0
301 662 0 6 0/0
302 176 0 3 0/1
302 167 0 4 0/1
302 168 0 5 0/0
302 365 0 2 0/0
303 249 0 6 0/0
303 305 0 4 0/0
303 571 0 4 0/0
303 489 0 2 0/0
304 249 0 6 0/0
304 571 0 4 0/0
304 364 0 2 0/0
304 306 0 3 0/0
304 615 0 1 0/0
305 489 0 2 0/0
307 572 0 4 0/0
309 582 0 2 0/0
310 308 0 2 0/0
310 573 0 3 0/0
310 582 0 2 0/0
311 309 0 2 0/0
311 310 0 2 0/0
312 317 0 7 0/0
312 318 0 3 0/0
313 582 0 2 0/0
313 312 0 2 0/0
313 311 0 2 0/0
314 319 0 2 0/0
314 320 0 3 0/0
315 317 0 7 0/0
315 320 0 3 0/0
316 540 0 1 0/0
316 367 0 1 0/0
316 641 0 1 0/0
317 571 0 4 0/0
317 352 0 2 0/0
317 319 0 2 0/0
318 320 0 3 0/0
318 308 0 2 0/1
318 575 0 3 0/0
320 365 0 2 0/0
321 572 0 4 0/0
321 601 0 7 0/0
321 600 0 3 0/0
323 353 0 4 0/0
324 354 0 4 0/0
326 325 0 4 0/0
327 355 0 4 0/0
328 353 0 4 0/0
329 356 0 4 0/0
330 325 0 4 0/0
331 323 0 4 0/0
332 357 0 3 0/0
333 572 0 4 0/0
333 601 0 7 0/0
333 600 0 3 0/0
334 600 0 3 0/0
334 358 0 2 0/0
334 602 0 6 0/0
335 323 0 4 0/0
337 323 0 4 0/0
338 324 0 4 0/0
339 355 0 4 0/0
340 405 0 2 0/0
341 357 0 3 0/0
342 323 0 4 0/0
343 355 0 4 0/0
346 355 0 4 0/0
347 323 0 4 0/0
348 329 0 4 0/0
350 323 0 4 0/0
351 600 0 3 0/0
351 358 0 2 0/0
351 602 0 6 0/0
357 356 0 4 0/0
360 372 0 1 0/0
360 373 0 3 0/0
360 374 0 3 0/0
360 375 0 3 0/0
360 376 0 2 0/0
360 361 0 1 0/0
361 374 0 3 0/0
361 375 0 3 0/0
362 361 0 1 0/0
364 372 0 1 0/0
364 377 0 4 0/0
365 372 0 1 0/0
365 377 0 4 0/0
367 378 0 1 0/0
368 379 0 3 0/0
369 379 0 3 0/0
372 380 0 1 0/0
373 374 0 3 0/0
376 381 0 3 0/0
377 374 0 3 0/0
377 375 0 3 0/0
377 376 0 2 0/0
377 361 0 1 0/0
379 382 0 2 0/0
379 383 0 3 0/0
380 579 0 6 0/0
380 384 0 1 0/0
381 378 0 1 0/0
381 571 0 4 0/0
384 374 0 3 0/0
384 375 0 3 0/0
385 431 0 2 0/1
385 434 0 2 0/0
385 386 0 1 0/0
385 307 0 1 0/0
385 387 0 1 0/0
385 312 0 2 0/0
385 313 0 1 0/0
385 388 0 1 0/0
385 314 0 4 0/0
385 315 0 2 0/0
385 364 0 2 0/0
385 582 0 2 0/0
385 389 0 2 0/0
385 578 0 1 0/0
385 406 0 2 0/0
385 498 0 3 0/0
385 366 0 2 0/0
385 538 0 1 0/0
385 365 0 2 0/0
385 391 0 1 0/0
385 499 0 5 0/1
385 501 0 3 0/0
385 641 0 1 0/0
385 493 0 2 0/0
385 477 0 2 0/0
385 441 0 3 0/0
385 471 0 10 0/1
385 505 0 2 0/0
385 472 0 3 0/0
385 488 0 1 0/0
385 392 0 2 0/0
385 433 0 2 0/0
385 577 0 2 0/0
385 609 0 2 0/0
385 469 0 2 0/0
385 252 0 1 0/0
385 393 0 1 0/0
385 28 0 1 0/0
385 316 0 1 0/0
385 642 0 1 0/0
387 396 0 3 0/0
390 371 0 2 0/0
390 407 0 1 0/0
391 397 0 2 0/1
391 365 0 2 0/0
391 211 0 4 0/0
391 364 0 2 0/0
392 626 0 2 0/0
393 397 0 2 0/1
393 214 0 3 0/0
393 365 0 2 0/0
393 213 0 4 0/0
393 212 0 3 0/0
394 388 0 1 0/0
395 309 0 2 0/1
395 310 0 2 0/0
395 398 0 3 0/0
397 308 0 2 0/1
397 573 0 3 0/0
399 400 0 3 0/0
401 308 0 2 0/1
401 402 0 4 0/0
402 403 0 2 0/0
402 404 0 7 0/0
408 406 0 2 0/0
413 610 0 1 0/0
413 612 0 2 0/0
413 364 0 2 0/0
413 360 0 2 0/0
415 362 0 1 0/0
415 612 0 2 0/0
415 364 0 2 0/0
415 360 0 2 0/0
415 423 0 2 0/0
416 362 0 1 0/0
416 612 0 2 0/0
416 364 0 2 0/0
416 360 0 2 0/0
416 423 0 2 0/0
418 614 0 1 0/0
418 360 0 2 0/0
418 424 0 2 0/0
418 425 0 2 0/0
419 426 0 2 0/0
420 614 0 1 0/0
420 424 0 2 0/0
420 425 0 2 0/0
421 424 0 2 0/0
421 425 0 2 0/0
421 360 0 2 0/0
422 406 0 2 0/0
423 364 0 2 0/0
423 470 0 2 0/0
423 427 0 2 0/0
423 626 0 2 0/0
424 428 0 2 0/0
424 429 0 3 0/0
424 609 0 2 0/0
424 470 0 2 0/0
424 430 0 3 0/0
424 427 0 2 0/0
424 626 0 2 0/0
425 363 0 1 0/0
425 360 0 2 0/0
430 428 0 2 0/0
431 437 0 1 0/0
431 432 0 2 0/0
432 438 0 2 0/0
434 438 0 2 0/0
434 439 0 3 0/0
436 440 0 1 0/0
437 364 0 2 0/0
441 442 0 3 0/0
441 175 0 3 0/1
441 443 0 6 0/0
441 444 0 4 0/0
441 445 0 3 0/0
441 364 0 2 0/0
441 446 0 12 0/0
441 167 0 4 0/1
441 165 0 5 0/1
441 365 0 2 0/0
441 604 0 4 0/1
441 499 0 5 0/1
441 501 0 3 0/0
441 641 0 1 0/0
441 471 0 10 0/1
441 447 0 7 0/0
441 448 0 5 0/0
441 505 0 2 0/0
441 127 0 5 0/0
441 236 0 7 0/1
441 473 0 3 0/0
441 500 0 3 0/0
441 449 0 8 0/0
441 590 0 2 0/0
441 360 0 2 0/0
441 31 0 2 0/0
441 450 0 3 0/0
441 606 0 3 0/0
443 365 0 2 0/0
444 489 0 2 0/0
444 603 0 4 0/0
446 365 0 2 0/0
447 499 0 5 0/1
447 449 0 8 0/0
447 444 0 4 0/0
447 365 0 2 0/0
447 505 0 2 0/0
448 451 0 4 0/0
449 365 0 2 0/0
449 452 0 4 0/0
449 500 0 3 0/0
449 509 0 1 0/0
449 195 0 2 0/0
449 592 0 3 0/0
449 593 0 2 0/0
449 591 0 2 0/0
449 597 0 2 0/0
449 590 0 2 0/0
449 457 0 3 0/0
449 458 0 5 0/1
449 454 0 3 0/0
449 364 0 2 0/0
449 453 0 3 0/0
449 456 0 3 0/0
449 455 0 3 0/0
449 444 0 4 0/0
451 491 0 3 0/0
452 489 0 2 0/0
452 604 0 4 0/1
453 365 0 2 0/0
453 461 0 4 0/0
453 462 0 4 0/0
453 463 0 2 0/0
454 598 0 3 0/0
454 364 0 2 0/0
454 453 0 3 0/0
454 599 0 2 0/0
455 464 0 3 0/0
455 365 0 2 0/0
456 610 0 1 0/0
456 611 0 3 0/0
456 176 0 3 0/1
456 166 0 6 0/0
456 465 0 2 0/0
456 168 0 5 0/0
457 610 0 1 0/0
457 611 0 3 0/0
457 165 0 5 0/1
458 508 0 4 0/0
458 360 0 2 0/0
458 499 0 5 0/1
458 501 0 3 0/0
458 364 0 2 0/0
458 471 0 10 0/1
458 505 0 2 0/0
459 508 0 4 0/0
459 510 0 3 0/0
460 172 0 4 0/0
460 173 0 2 0/0
460 465 0 2 0/0
460 164 0 3 0/0
462 571 0 4 0/0
466 408 0 3 0/0
466 409 0 2 0/0
466 480 0 1 0/0
466 431 0 2 0/0
466 467 0 2 0/0
466 435 0 2 0/0
466 12 0 2 0/0
466 434 0 2 0/0
466 481 0 8 0/0
466 482 0 2 0/0
466 410 0 2 0/0
466 411 0 2 0/0
466 433 0 2 0/0
467 468 0 3 0/1
468 13 0 2 0/0
468 12 0 2 0/1
469 470 0 2 0/0
470 436 0 1 0/0
470 613 0 1 0/0
471 484 0 3 0/0
471 499 0 5 0/1
471 501 0 3 0/0
471 364 0 2 0/0
471 505 0 2 0/0
471 209 0 4 0/0
471 250 0 11 0/0
471 76 0 7 0/1
471 597 0 2 0/0
471 508 0 4 0/0
471 369 0 3 0/0
471 365 0 2 0/0
471 29 0 3 0/0
471 30 0 3 0/0
471 32 0 2 0/0
471 33 0 2 0/0
471 641 0 1 0/0
472 495 0 2 0/0
472 499 0 5 0/1
472 501 0 3 0/0
472 364 0 2 0/0
472 471 0 10 0/1
472 505 0 2 0/0
472 236 0 7 0/1
472 237 0 4 0/0
472 484 0 3 0/0
472 441 0 3 0/0
472 582 0 2 0/0
472 365 0 2 0/0
472 473 0 3 0/0
473 505 0 2 0/0
474 360 0 2 0/0
475 618 0 1 0/0
475 616 0 1 0/0
475 365 0 2 0/0
476 610 0 1 0/0
477 484 0 3 0/0
479 494 0 2 0/0
482 435 0 2 0/1
482 612 0 2 0/0
482 365 0 2 0/0
482 618 0 1 0/0
482 434 0 2 0/0
484 485 0 4 0/0
484 498 0 3 0/0
485 196 0 4 0/0
486 606 0 3 0/0
487 459 0 2 0/0
487 175 0 3 0/1
487 603 0 4 0/0
488 364 0 2 0/0
488 174 0 3 0/1
488 172 0 4 0/0
488 173 0 2 0/0
488 360 0 2 0/0
489 511 0 2 0/0
490 511 0 2 0/0
491 512 0 3 0/0
492 512 0 3 0/0
495 493 0 2 0/0
498 493 0 2 0/0
498 573 0 3 0/0
499 493 0 2 0/0
499 494 0 2 0/0
499 513 0 3 0/0
499 514 0 3 0/0
499 515 0 2 0/0
499 193 0 3 0/1
499 516 0 4 0/0
499 496 0 1 0/1
499 517 0 7 0/0
499 571 0 4 0/0
499 518 0 2 0/0
499 519 0 6 0/0
499 520 0 2 0/0
499 489 0 2 0/0
499 500 0 3 0/0
500 521 0 2 0/0
500 522 0 3 0/0
500 523 0 2 0/0
500 610 0 1 0/0
500 611 0 3 0/0
500 524 0 3 0/0
501 573 0 3 0/0
502 521 0 2 0/0
502 524 0 3 0/0
503 525 0 2 0/0
504 525 0 2 0/0
506 571 0 4 0/0
506 365 0 2 0/0
506 587 0 2 0/0
506 364 0 2 0/0
507 526 0 3 0/0
507 527 0 2 0/0
507 496 0 1 0/1
507 611 0 3 0/0
507 528 0 3 0/0
507 575 0 3 0/0
507 571 0 4 0/0
507 529 0 4 0/0
507 627 0 2 0/0
507 364 0 2 0/0
507 530 0 3 0/0
507 582 0 2 0/0
507 583 0 2 0/0
507 585 0 3 0/0
508 494 0 2 0/0
508 531 0 3 0/0
510 532 0 3 0/0
513 533 0 2 0/0
517 571 0 4 0/0
517 489 0 2 0/0
519 571 0 4 0/0
519 489 0 2 0/0
522 512 0 3 0/0
525 534 0 3 0/0
525 512 0 3 0/0
525 500 0 3 0/0
526 535 0 2 0/0
527 535 0 2 0/0
528 527 0 2 0/0
528 529 0 4 0/0
529 489 0 2 0/0
529 535 0 2 0/0
530 364 0 2 0/0
530 365 0 2 0/0
531 493 0 2 0/0
531 515 0 2 0/0
531 516 0 4 0/0
534 512 0 3 0/0
534 523 0 2 0/0
537 615 0 1 0/0
538 545 0 1 0/0
538 364 0 2 0/0
538 539 0 3 0/0
538 359 0 3 0/0
538 546 0 1 0/0
538 547 0 1 0/0
540 548 0 1 0/0
540 359 0 3 0/0
541 549 0 1 0/0
541 550 0 3 0/1
541 551 0 3 0/0
541 552 0 2 0/0
541 553 0 2 0/0
541 554 0 3 0/0
541 555 0 3 0/0
541 556 0 1 0/0
542 557 0 5 0/0
542 558 0 4 0/0
542 364 0 2 0/0
542 559 0 4 0/0
542 560 0 9 0/0
542 537 0 2 0/0
542 549 0 1 0/0
542 550 0 3 0/1
542 552 0 2 0/0
542 553 0 2 0/0
542 555 0 3 0/0
542 556 0 1 0/0
542 561 0 8 0/0
543 562 0 10 0/0
544 562 0 10 0/0
545 563 0 5 0/0
545 364 0 2 0/0
545 162 0 5 0/1
545 566 0 2 0/0
545 174 0 3 0/1
546 364 0 2 0/0
546 567 0 2 0/0
548 546 0 1 0/0
548 537 0 2 0/0
548 544 0 9 0/0
548 539 0 3 0/0
548 364 0 2 0/0
548 543 0 9 0/0
548 359 0 3 0/0
549 546 0 1 0/0
549 364 0 2 0/0
549 568 0 2 0/0
550 568 0 2 0/0
551 568 0 2 0/0
552 536 0 3 0/0
552 550 0 3 0/1
553 192 0 3 0/1
553 550 0 3 0/1
554 557 0 5 0/0
554 559 0 4 0/0
554 550 0 3 0/1
555 611 0 3 0/0
555 550 0 3 0/1
555 568 0 2 0/0
555 569 0 2 0/0
556 569 0 2 0/0
558 165 0 5 0/1
560 537 0 2 0/0
560 559 0 4 0/0
560 549 0 1 0/0
560 550 0 3 0/1
560 552 0 2 0/0
560 553 0 2 0/0
560 555 0 3 0/0
560 556 0 1 0/0
561 611 0 3 0/0
562 537 0 2 0/0
562 549 0 1 0/0
562 550 0 3 0/1
562 552 0 2 0/0
562 553 0 2 0/0
562 554 0 3 0/0
562 555 0 3 0/0
562 556 0 1 0/0
566 168 0 5 0/0
567 537 0 2 0/0
567 536 0 3 0/0
567 549 0 1 0/0
567 550 0 3 0/1
567 539 0 3 0/0
567 554 0 3 0/0
567 555 0 3 0/0
567 556 0 1 0/0
567 364 0 2 0/0
568 569 0 2 0/0
572 571 0 4 0/0
573 630 0 2 0/0
575 574 0 3 0/0
576 631 0 3 0/0
577 631 0 3 0/0
578 579 0 6 0/0
578 365 0 2 0/0
579 585 0 3 0/0
579 586 0 4 0/0
580 364 0 2 0/0
581 365 0 2 0/0
581 364 0 2 0/0
585 582 0 2 0/0
585 632 0 3 0/0
587 582 0 2 0/0
590 633 0 4 0/0
593 634 0 4 0/0
597 595 0 3 0/0
603 167 0 4 0/1
603 168 0 5 0/0
604 167 0 4 0/1
605 172 0 4 0/0
605 173 0 2 0/0
606 172 0 4 0/0
606 173 0 2 0/0
606 164 0 3 0/0
607 172 0 4 0/0
607 173 0 2 0/0
608 635 0 5 0/0
612 611 0 3 0/0
616 615 0 1 0/0
617 637 0 1 0/0
617 638 0 1 0/0
623 364 0 2 0/0
624 364 0 2 0/0
625 639 0 4 0/0
627 571 0 4 0/0
629 620 0 3 0/0
629 598 0 3 0/0
629 640 0 5 0/0
629 599 0 2 0/0
630 363 0 1 0/0
630 364 0 2 0/0
632 611 0 3 0/0
632 582 0 2 0/0
633 596 0 2 0/0
633 589 0 3 0/0
633 594 0 3 0/0
634 596 0 2 0/0
634 592 0 3 0/0
639 639 0 4 0/0
640 620 0 3 0/0
641 643 0 1 0/0
644 645 0 4 0/0
645 646 0 2 0/0
645 365 0 2 0/0
647 364 0 2 0/0
647 162 0 5 0/1
647 167 0 4 0/1
647 168 0 5 0/0
647 365 0 2 0/0
647 164 0 3 0/0
647 650 0 1 0/0
648 198 0 2 0/1
648 651 0 3 0/0
648 364 0 2 0/0
648 11 0 2 0/1
648 360 0 2 0/0
648 652 0 2 0/1
648 10 0 4 0/0
649 11 0 2 0/1
649 364 0 2 0/0
649 651 0 3 0/0
649 653 0 3 0/0
652 5 0 1 0/1
652 364 0 2 0/0
653 629 0 3 0/0
654 660 0 3 0/1
656 5 0 1 0/1
657 5 0 1 0/1
657 660 0 3 0/1
660 431 0 2 0/1
660 434 0 2 0/0
660 5 0 1 0/1
660 365 0 2 0/0
660 652 0 2 0/1
660 433 0 2 0/0
661 365 0 2 0/0
661 620 0 3 0/0
662 365 0 2 0/0
662 619 0 3 0/0
662 575 0 3 0/0
662 663 0 5 0/0
663 664 0 3 0/0
663 665 0 4 0/0
665 664 0 3 0/0
