136
4
89
0
0 1 1 3 0/0
0 2 1 5 0/0
0 3 0 2 0/0
0 97 1 1 0/0
0 121 1 1 0/0
0 34 1 14 0/0
0 122 3 6 0/0
0 98 1 2 0/0
0 14 0 1 0/0
0 15 0 1 0/0
0 124 51 2 0/0
0 100 51 1 0/0
0 125 39 2 0/0
0 101 56 1 0/0
0 16 11 2 0/0
0 102 45 2 0/0
0 17 8 4 0/0
0 18 11 4 0/0
0 19 3 4 0/0
0 20 3 4 0/0
0 99 0 1 0/0
0 38 0 3 0/0
1 31 1 2 0/0
1 30 0 1 0/0
3 29 0 3 0/0
4 14 0 1 0/0
7 14 1 1 0/0
8 21 0 2 0/0
10 112 0 2 0/0
10 128 0 1 0/0
11 36 0 3 0/1
11 44 0 7 0/0
11 23 0 4 0/0
11 17 0 4 0/0
13 21 0 2 0/0
14 21 1 2 0/0
14 49 0 4 0/0
14 50 3 3 0/0
14 99 1 1 0/0
14 37 1 3 0/0
14 113 1 1 0/0
14 129 1 1 0/0
15 35 0 5 0/0
16 125 0 2 0/0
16 46 22 5 0/0
16 42 11 1 0/0
16 98 11 2 0/0
17 126 8 3 0/0
17 99 11 1 0/0
17 98 11 2 0/0
17 122 11 6 0/0
17 24 8 4 0/0
18 44 0 7 0/0
18 23 8 4 0/0
18 43 0 4 0/0
18 47 11 3 0/0
18 48 11 3 0/0
18 28 11 3 0/0
18 51 11 4 0/1
18 99 3 1 0/0
18 98 3 2 0/0
19 99 0 1 0/0
19 122 0 6 0/0
19 17 0 4 0/0
19 23 3 4 0/0
20 24 3 4 0/0
21 22 1 1 0/0
21 53 1 1 0/0
21 114 1 1 0/0
21 103 1 1 0/0
21 130 1 1 0/0
23 39 11 3 0/0
23 17 11 4 0/0
24 99 11 1 0/0
24 49 11 4 0/0
24 25 11 4 0/0
24 126 3 3 0/0
26 24 0 4 0/0
27 98 0 2 0/0
28 135 0 3 0/0
31 33 1 3 0/0
31 32 4 3 0/0
31 29 4 3 0/0
34 54 1 1 0/0
34 35 1 5 0/0
34 55 2 2 0/0
34 56 0 3 0/0
34 57 1 1 0/0
34 36 0 3 0/1
36 58 12 2 0/0
37 38 1 3 0/0
37 56 1 3 0/0
39 40 0 1 0/0
39 41 8 2 0/0
44 59 8 3 0/0
44 60 8 6 0/0
44 61 8 7 0/0
46 43 39 4 0/0
46 62 11 2 0/0
46 58 11 2 0/0
48 63 71 4 0/0
48 44 0 7 0/0
48 43 66 4 0/0
48 45 11 2 0/1
48 64 11 3 0/0
48 65 11 2 0/0
48 36 0 3 0/1
48 137 0 2 0/0
48 66 0 3 0/0
48 67 11 5 0/0
49 68 11 4 0/0
49 111 3 4 0/0
51 69 11 4 0/1
55 62 2 2 0/0
55 36 1 3 0/1
55 58 2 2 0/0
60 70 0 7 0/0
60 71 0 4 0/0
60 95 0 3 0/0
61 70 8 7 0/0
61 59 16 3 0/1
61 71 16 4 0/0
61 96 8 3 0/0
61 135 8 3 0/0
61 95 8 3 0/0
64 94 0 1 0/0
66 36 0 3 0/1
66 43 0 4 0/0
67 43 23 4 0/0
68 59 33 3 0/1
68 36 11 3 0/1
68 45 11 2 0/1
69 45 0 2 168/1
69 44 1 7 168/0
69 36 0 3 168/1
69 92 0 3 0/0
69 43 10 4 168/0
69 88 10 4 0/1
69 86 3 3 0/0
69 83 0 3 0/0
69 67 0 5 168/0
69 135 0 3 0/0
69 73 0 3 0/0
69 72 3 3 0/0
69 70 3 7 0/0
69 110 3 5 0/0
70 59 33 3 0/1
70 71 40 4 0/0
71 43 64 4 0/0
72 43 0 4 0/0
73 44 0 7 0/0
73 40 0 1 0/0
73 38 0 3 0/0
73 76 0 3 0/0
73 122 0 6 0/0
73 45 0 2 0/1
74 122 0 6 0/0
76 81 0 5 0/0
76 80 0 5 0/0
76 44 0 7 0/0
76 39 0 3 0/0
76 78 0 3 0/0
76 77 0 3 0/0
77 40 0 1 0/0
77 43 0 4 0/0
77 59 0 3 0/1
77 41 0 2 0/0
78 41 0 2 0/0
78 79 0 3 0/0
79 42 0 1 0/0
80 64 0 3 0/0
81 82 0 4 0/0
81 59 0 3 0/1
81 45 0 2 0/1
81 36 0 3 0/1
82 43 0 4 0/0
82 59 0 3 0/1
83 44 0 7 0/0
83 70 0 7 0/0
83 38 0 3 0/0
83 39 0 3 0/0
83 43 0 4 0/0
83 59 0 3 0/1
83 84 0 3 0/0
83 122 0 6 0/0
83 45 0 2 0/1
86 87 0 3 0/0
86 36 0 3 0/1
86 44 0 7 0/0
87 135 0 3 0/0
87 43 0 4 0/0
88 89 10 4 0/1
89 43 16 4 168/0
89 59 10 3 168/0
89 91 7 4 0/0
89 90 5 3 0/0
89 36 0 3 168/0
89 44 0 7 168/0
91 43 7 4 0/0
91 59 7 3 0/1
91 44 7 7 0/0
92 43 0 4 0/0
92 59 0 3 0/1
92 61 0 7 0/0
95 59 8 3 0/1
95 71 8 4 0/0
97 104 1 1 0/0
98 105 26 1 0/0
99 106 26 1 0/0
100 107 51 1 0/0
101 108 56 1 0/0
102 109 25 1 0/0
110 115 3 1 0/0
110 116 3 3 0/0
110 117 0 1 0/0
110 118 1 3 0/0
111 116 3 3 0/0
112 119 0 4 0/0
113 119 1 4 0/0
115 118 0 3 0/0
116 120 6 1 0/0
117 119 0 4 0/0
118 120 1 1 0/0
122 131 0 3 0/0
122 132 14 3 0/0
123 124 0 2 0/0
125 133 19 3 0/0
125 126 0 3 0/0
126 134 14 3 0/0
127 133 0 3 0/0
129 126 3 3 0/0
129 128 1 1 0/0
133 134 19 3 0/0
133 131 0 3 0/0
133 132 19 3 0/0
135 136 8 3 0/0
136 136 176 3 0/0
137 138 0 3 0/0
137 139 0 3 0/0
137 140 0 2 0/0
138 143 0 2 0/0
138 142 0 4 0/0
139 143 0 2 0/0
139 142 0 4 0/0
140 141 0 1 0/0
